write introduction: 
goal of the project.
what we do

data exploration and display

model introduction.

experiment
analyze results

ablation study
tune parameters.

discussion

conclusion

code interactive web-app, use streamlit to code 
==================================================
=== SVC Classification Report ===
C=0.01
              precision    recall  f1-score   support

    airplane       0.43      0.44      0.44      1000
  automobile       0.38      0.40      0.39      1000
        bird       0.28      0.15      0.19      1000
         cat       0.25      0.20      0.22      1000
        deer       0.32      0.36      0.34      1000
         dog       0.37      0.30      0.33      1000
        frog       0.36      0.43      0.39      1000
       horse       0.37      0.26      0.30      1000
        ship       0.45      0.51      0.48      1000
       truck       0.35      0.56      0.43      1000

    accuracy                           0.36     10000
   macro avg       0.36      0.36      0.35     10000
weighted avg       0.36      0.36      0.35     10000
SVC Overall Accuracy: 0.3612
==================================================
SVC Confusion Matrix: [[441  71  35  27  32  15  30  25 231  93]
 [ 37 402   5  61  25  26  53  29  86 276]
 [150  61 147  73 206  51 157  54  50  51]
 [ 75  79  46 205  91 161 133  81  19 110]
 [ 50  34 101  66 362  43 189  66  38  51]
 [ 53  46  65 162  95 298  94  84  42  61]
 [ 41  35  75  69 151  61 427  56  10  75]
 [ 54  85  35  88 144  71  53 259  49 162]
 [ 81  98  13  40  19  65  10  16 510 148]
 [ 39 144   8  44  22  19  29  30 104 561]]
==================================================
==================================================
=== RFC Classification Report ===
n_estimators=10
              precision    recall  f1-score   support

    airplane       0.40      0.55      0.46      1000
  automobile       0.35      0.44      0.39      1000
        bird       0.26      0.31      0.28      1000
         cat       0.20      0.20      0.20      1000
        deer       0.30      0.29      0.30      1000
         dog       0.31      0.28      0.29      1000
        frog       0.39      0.32      0.35      1000
       horse       0.42      0.31      0.36      1000
        ship       0.52      0.46      0.49      1000
       truck       0.43      0.36      0.39      1000

    accuracy                           0.35     10000
   macro avg       0.36      0.35      0.35     10000
weighted avg       0.36      0.35      0.35     10000
RFC Overall Accuracy: 0.3517
==================================================
RFC Confusion Matrix: [[548  56  72  33  31  28  21  23 134  54]
 [ 90 439  44  58  31  55  40  44  69 130]
 [133  64 312 105 124  71  90  60  19  22]
 [ 76  87 139 196  97 176  92  65  24  48]
 [ 72  58 192  77 295  70 124  68  24  20]
 [ 61  67 128 199  88 278  59  65  27  28]
 [ 46  67 147 110 159  82 319  34  11  25]
 [ 77  79 110  98  99  74  46 311  41  65]
 [184 108  30  45  26  35  12  22 462  76]
 [ 85 247  41  63  30  22  21  50  84 357]]
==================================================
==================================================
=== SVC Classification Report ===
C=0.1
              precision    recall  f1-score   support

    airplane       0.54      0.48      0.51      1000
  automobile       0.53      0.57      0.55      1000
        bird       0.35      0.29      0.32      1000
         cat       0.32      0.34      0.33      1000
        deer       0.42      0.38      0.40      1000
         dog       0.43      0.35      0.39      1000
        frog       0.45      0.56      0.50      1000
       horse       0.53      0.43      0.47      1000
        ship       0.54      0.60      0.57      1000
       truck       0.45      0.57      0.50      1000

    accuracy                           0.46     10000
   macro avg       0.46      0.46      0.45     10000
weighted avg       0.46      0.46      0.45     10000
SVC Overall Accuracy: 0.4569
==================================================
SVC Confusion Matrix: [[485  45  57  26  27  11  23  27 210  89]
 [ 29 567  17  46  12  22  29  28  60 190]
 [102  38 289 102 148  54 152  52  32  31]
 [ 46  36  70 336  53 164 126  59  28  82]
 [ 45  23 149  72 375  42 161  74  33  26]
 [ 27  23  84 215  61 351 101  69  33  36]
 [ 14  29  77  90  96  53 562  22  12  45]
 [ 37  49  48  88  95  70  57 431  29  96]
 [ 78  92  21  29  12  37  10  22 605  94]
 [ 34 172   8  49  15  14  28  34  78 568]]
==================================================
==================================================
=== RFC Classification Report ===
n_estimators=50
              precision    recall  f1-score   support

    airplane       0.51      0.56      0.53      1000
  automobile       0.49      0.54      0.51      1000
        bird       0.34      0.32      0.33      1000
         cat       0.27      0.24      0.26      1000
        deer       0.36      0.35      0.36      1000
         dog       0.41      0.37      0.39      1000
        frog       0.45      0.47      0.46      1000
       horse       0.48      0.42      0.45      1000
        ship       0.57      0.59      0.58      1000
       truck       0.46      0.52      0.49      1000

    accuracy                           0.44     10000
   macro avg       0.43      0.44      0.43     10000
weighted avg       0.43      0.44      0.43     10000
RFC Overall Accuracy: 0.4375
==================================================
RFC Confusion Matrix: [[555  36  53  28  37  25  19  25 158  64]
 [ 37 540  23  48  23  31  37  23  60 178]
 [107  45 316  83 129  76 115  75  23  31]
 [ 52  48  95 240  87 181 123  69  30  75]
 [ 62  30 166  68 353  45 132  90  22  32]
 [ 39  33  90 179  76 371  84  75  24  29]
 [ 16  41  98  95 135  65 471  32   9  38]
 [ 57  50  71  75 103  66  41 418  30  89]
 [109  93  11  26  26  33  13  25 587  77]
 [ 47 195  20  33  19  22  23  38  79 524]]
==================================================
==================================================
=== SVC Classification Report ===
C=0.5
              precision    recall  f1-score   support

    airplane       0.59      0.58      0.58      1000
  automobile       0.60      0.64      0.62      1000
        bird       0.42      0.37      0.39      1000
         cat       0.35      0.35      0.35      1000
        deer       0.46      0.40      0.43      1000
         dog       0.47      0.41      0.44      1000
        frog       0.51      0.62      0.56      1000
       horse       0.59      0.54      0.56      1000
        ship       0.62      0.66      0.64      1000
       truck       0.54      0.61      0.58      1000

    accuracy                           0.52     10000
   macro avg       0.51      0.52      0.51     10000
weighted avg       0.51      0.52      0.51     10000
SVC Overall Accuracy: 0.5179
==================================================
SVC Confusion Matrix: [[580  36  53  19  21  11  23  29 161  67]
 [ 28 639  12  43  13  19  20  24  48 154]
 [ 93  31 370  90 124  62 124  57  30  19]
 [ 35  33  70 355  53 176 129  46  34  69]
 [ 54  15 150  67 402  41 145  81  26  19]
 [ 29  15  85 205  59 406  79  65  26  31]
 [ 11  22  73  89  91  45 616  20  13  20]
 [ 41  31  48  72  74  63  43 536  19  73]
 [ 76  79  19  26  19  23  13  18 663  64]
 [ 39 159  10  38  12  15  25  33  57 612]]
==================================================
==================================================
=== RFC Classification Report ===
n_estimators=100
              precision    recall  f1-score   support

    airplane       0.54      0.56      0.55      1000
  automobile       0.50      0.55      0.53      1000
        bird       0.38      0.33      0.35      1000
         cat       0.33      0.27      0.30      1000
        deer       0.38      0.37      0.38      1000
         dog       0.40      0.38      0.39      1000
        frog       0.46      0.54      0.50      1000
       horse       0.50      0.45      0.47      1000
        ship       0.58      0.61      0.59      1000
       truck       0.46      0.55      0.50      1000

    accuracy                           0.46     10000
   macro avg       0.45      0.46      0.46     10000
weighted avg       0.45      0.46      0.46     10000
RFC Overall Accuracy: 0.4595
==================================================
RFC Confusion Matrix: [[560  49  50  22  34  21  19  22 163  60]
 [ 29 549  18  36  24  36  30  32  60 186]
 [105  44 325  68 135  78 122  68  26  29]
 [ 51  40  72 268  71 188 136  63  30  81]
 [ 57  24 138  59 367  64 149  90  23  29]
 [ 33  34  73 170  77 381  89  90  24  29]
 [  8  31  97  75 116  57 538  26   8  44]
 [ 46  48  52  61  91  79  43 449  26 105]
 [ 94  92  11  23  22  38  11  21 606  82]
 [ 50 179  12  31  17  15  25  42  77 552]]
==================================================
==================================================
=== SVC Classification Report ===
C=0.7
              precision    recall  f1-score   support

    airplane       0.60      0.59      0.60      1000
  automobile       0.62      0.66      0.64      1000
        bird       0.43      0.39      0.41      1000
         cat       0.36      0.36      0.36      1000
        deer       0.47      0.41      0.44      1000
         dog       0.47      0.42      0.44      1000
        frog       0.52      0.62      0.57      1000
       horse       0.60      0.55      0.58      1000
        ship       0.64      0.67      0.65      1000
       truck       0.56      0.62      0.59      1000

    accuracy                           0.53     10000
   macro avg       0.53      0.53      0.53     10000
weighted avg       0.53      0.53      0.53     10000
SVC Overall Accuracy: 0.5305
==================================================
SVC Confusion Matrix: [[595  39  54  15  21  13  21  27 148  67]
 [ 30 655  12  39  11  22  18  23  47 143]
 [ 88  29 391  87 122  69 117  54  26  17]
 [ 36  29  76 364  51 178 131  44  32  59]
 [ 50  14 153  67 414  38 138  84  24  18]
 [ 25  14  76 208  65 419  76  65  23  29]
 [  7  21  71  90  90  45 624  19  13  20]
 [ 40  24  48  74  70  65  38 553  16  72]
 [ 83  73  17  26  21  20  13  18 670  59]
 [ 39 152  10  40  13  16  23  33  54 620]]
==================================================
==================================================
=== RFC Classification Report ===
n_estimators=120
              precision    recall  f1-score   support

    airplane       0.55      0.56      0.55      1000
  automobile       0.50      0.55      0.52      1000
        bird       0.40      0.33      0.36      1000
         cat       0.33      0.27      0.30      1000
        deer       0.40      0.38      0.39      1000
         dog       0.41      0.39      0.40      1000
        frog       0.48      0.55      0.51      1000
       horse       0.49      0.45      0.47      1000
        ship       0.58      0.61      0.59      1000
       truck       0.46      0.56      0.51      1000

    accuracy                           0.46     10000
   macro avg       0.46      0.46      0.46     10000
weighted avg       0.46      0.46      0.46     10000
RFC Overall Accuracy: 0.4645
==================================================
RFC Confusion Matrix: [[560  48  55  19  33  22  22  23 158  60]
 [ 28 554  16  35  25  41  28  30  62 181]
 [102  47 333  73 122  67 121  73  32  30]
 [ 54  49  67 269  74 191 125  66  29  76]
 [ 59  23 131  66 379  53 143  94  24  28]
 [ 35  30  77 168  77 388  81  83  30  31]
 [  9  30  78  74 114  58 553  26  10  48]
 [ 49  48  49  64  85  85  43 445  26 106]
 [ 85  97  13  27  22  35  12  19 609  81]
 [ 46 188  12  27  15  16  24  40  77 555]]
==================================================
==================================================
=== SVC Classification Report ===
C=1
              precision    recall  f1-score   support

    airplane       0.61      0.61      0.61      1000
  automobile       0.64      0.67      0.65      1000
        bird       0.44      0.41      0.42      1000
         cat       0.38      0.38      0.38      1000
        deer       0.49      0.43      0.46      1000
         dog       0.48      0.44      0.46      1000
        frog       0.54      0.63      0.58      1000
       horse       0.61      0.57      0.59      1000
        ship       0.64      0.68      0.66      1000
       truck       0.58      0.62      0.60      1000

    accuracy                           0.54     10000
   macro avg       0.54      0.54      0.54     10000
weighted avg       0.54      0.54      0.54     10000
SVC Overall Accuracy: 0.5434
==================================================
SVC Confusion Matrix: [[613  35  53  20  19  12  19  26 142  61]
 [ 34 669  16  38   9  20  15  18  44 137]
 [ 84  26 407  85 114  71 113  58  27  15]
 [ 28  26  81 380  50 177 126  44  31  57]
 [ 45  13 149  65 432  42 130  79  27  18]
 [ 26  11  73 200  70 438  73  61  21  27]
 [  6  21  76  87  88  42 630  19  13  18]
 [ 40  23  51  68  73  70  34 566  15  60]
 [ 89  69  16  24  17  18  13  18 676  60]
 [ 40 152   9  37  15  17  22  32  53 623]]
==================================================
==================================================
=== RFC Classification Report ===
n_estimators=150
              precision    recall  f1-score   support

    airplane       0.55      0.55      0.55      1000
  automobile       0.50      0.56      0.53      1000
        bird       0.41      0.34      0.37      1000
         cat       0.33      0.26      0.29      1000
        deer       0.39      0.36      0.38      1000
         dog       0.40      0.38      0.39      1000
        frog       0.48      0.56      0.52      1000
       horse       0.51      0.46      0.48      1000
        ship       0.58      0.61      0.59      1000
       truck       0.46      0.55      0.50      1000

    accuracy                           0.46     10000
   macro avg       0.46      0.46      0.46     10000
weighted avg       0.46      0.46      0.46     10000
RFC Overall Accuracy: 0.4643
==================================================
RFC Confusion Matrix: [[553  45  58  18  30  21  19  22 169  65]
 [ 32 556  11  29  27  39  30  31  58 187]
 [ 97  43 341  77 129  67 116  64  29  37]
 [ 54  48  56 263  76 200 138  65  22  78]
 [ 56  25 141  57 363  56 156  91  24  31]
 [ 32  31  69 167  82 383  86  89  28  33]
 [ 12  34  83  70 103  55 565  23   9  46]
 [ 43  49  50  62  86  84  40 459  27 100]
 [ 84  94  14  27  22  36  12  19 606  86]
 [ 43 186  12  28  16  16  26  43  76 554]]
==================================================
==================================================
=== SVC Classification Report ===
C=10
              precision    recall  f1-score   support

    airplane       0.61      0.65      0.63      1000
  automobile       0.63      0.70      0.66      1000
        bird       0.46      0.48      0.47      1000
         cat       0.37      0.39      0.38      1000
        deer       0.51      0.47      0.49      1000
         dog       0.46      0.44      0.45      1000
        frog       0.62      0.59      0.60      1000
       horse       0.64      0.59      0.61      1000
        ship       0.70      0.69      0.69      1000
       truck       0.61      0.62      0.62      1000

    accuracy                           0.56     10000
   macro avg       0.56      0.56      0.56     10000
weighted avg       0.56      0.56      0.56     10000
SVC Overall Accuracy: 0.5603
==================================================
SVC Confusion Matrix: [[654  31  58  30  24  12  21  23  92  55]
 [ 46 697  12  23   7  18   7  12  44 134]
 [ 71  29 480  83 102  70  78  57  13  17]
 [ 24  32  95 385  57 199  91  44  28  45]
 [ 50  12 159  67 465  63  77  69  25  13]
 [ 26  17  75 224  60 438  54  62  22  22]
 [ 16  20  89 100  98  39 587  23  10  18]
 [ 38  29  51  69  68  83  16 588  11  47]
 [101  67  15  31  17  12   6  13 685  53]
 [ 47 168   9  31  12  26  11  29  43 624]]
==================================================
==================================================
=== RFC Classification Report ===
n_estimators=200
              precision    recall  f1-score   support

    airplane       0.55      0.56      0.55      1000
  automobile       0.50      0.56      0.53      1000
        bird       0.41      0.33      0.37      1000
         cat       0.33      0.26      0.29      1000
        deer       0.41      0.39      0.40      1000
         dog       0.42      0.39      0.40      1000
        frog       0.48      0.58      0.53      1000
       horse       0.51      0.47      0.49      1000
        ship       0.58      0.61      0.60      1000
       truck       0.47      0.57      0.51      1000

    accuracy                           0.47     10000
   macro avg       0.47      0.47      0.47     10000
weighted avg       0.47      0.47      0.47     10000
RFC Overall Accuracy: 0.4712
==================================================
RFC Confusion Matrix: [[556  47  43  16  34  24  22  27 169  62]
 [ 29 556  13  34  22  30  36  29  61 190]
 [102  47 329  77 127  65 120  74  32  27]
 [ 53  49  60 260  73 192 144  68  24  77]
 [ 57  24 134  47 387  56 154  87  23  31]
 [ 25  32  63 168  84 389  87  87  31  34]
 [ 12  31  79  74  96  52 584  19   9  44]
 [ 46  45  47  61  81  78  43 469  26 104]
 [ 82  89  17  26  24  33  12  19 613  85]
 [ 48 183  14  27  18  17  21  36  67 569]]
==================================================
==================================================
=== SVM Classification Report ===
              precision    recall  f1-score   support

    airplane       0.61      0.61      0.61      1000
  automobile       0.64      0.67      0.65      1000
        bird       0.44      0.41      0.42      1000
         cat       0.38      0.38      0.38      1000
        deer       0.49      0.43      0.46      1000
         dog       0.48      0.44      0.46      1000
        frog       0.54      0.63      0.58      1000
       horse       0.61      0.57      0.59      1000
        ship       0.64      0.68      0.66      1000
       truck       0.58      0.62      0.60      1000

    accuracy                           0.54     10000
   macro avg       0.54      0.54      0.54     10000
weighted avg       0.54      0.54      0.54     10000
SVM Overall Accuracy: 0.5434
==================================================
=== Random Forest Classification Report ===
              precision    recall  f1-score   support

    airplane       0.54      0.56      0.55      1000
  automobile       0.50      0.55      0.53      1000
        bird       0.38      0.33      0.35      1000
         cat       0.33      0.27      0.30      1000
        deer       0.38      0.37      0.38      1000
         dog       0.40      0.38      0.39      1000
        frog       0.46      0.54      0.50      1000
       horse       0.50      0.45      0.47      1000
        ship       0.58      0.61      0.59      1000
       truck       0.46      0.55      0.50      1000

    accuracy                           0.46     10000
   macro avg       0.45      0.46      0.46     10000
weighted avg       0.45      0.46      0.46     10000
Random Forest Overall Accuracy: 0.4595
==================================================
SVM Confusion Matrix: [[613  35  53  20  19  12  19  26 142  61]
 [ 34 669  16  38   9  20  15  18  44 137]
 [ 84  26 407  85 114  71 113  58  27  15]
 [ 28  26  81 380  50 177 126  44  31  57]
 [ 45  13 149  65 432  42 130  79  27  18]
 [ 26  11  73 200  70 438  73  61  21  27]
 [  6  21  76  87  88  42 630  19  13  18]
 [ 40  23  51  68  73  70  34 566  15  60]
 [ 89  69  16  24  17  18  13  18 676  60]
 [ 40 152   9  37  15  17  22  32  53 623]]
Random Forest Confusion Matrix: [[560  49  50  22  34  21  19  22 163  60]
 [ 29 549  18  36  24  36  30  32  60 186]
 [105  44 325  68 135  78 122  68  26  29]
 [ 51  40  72 268  71 188 136  63  30  81]
 [ 57  24 138  59 367  64 149  90  23  29]
 [ 33  34  73 170  77 381  89  90  24  29]
 [  8  31  97  75 116  57 538  26   8  44]
 [ 46  48  52  61  91  79  43 449  26 105]
 [ 94  92  11  23  22  38  11  21 606  82]
 [ 50 179  12  31  17  15  25  42  77 552]]==================================================
==================================================
=== SVC Classification Report ===
C=15
              precision    recall  f1-score   support

    airplane       0.61      0.66      0.63      1000
  automobile       0.62      0.68      0.65      1000
        bird       0.44      0.45      0.45      1000
         cat       0.37      0.38      0.37      1000
        deer       0.53      0.46      0.49      1000
         dog       0.48      0.46      0.47      1000
        frog       0.60      0.58      0.59      1000
       horse       0.63      0.59      0.61      1000
        ship       0.69      0.67      0.68      1000
       truck       0.61      0.62      0.61      1000

    accuracy                           0.56     10000
   macro avg       0.56      0.56      0.56     10000
weighted avg       0.56      0.56      0.56     10000
SVC Overall Accuracy: 0.5564
==================================================
SVC Confusion Matrix: [[664  38  60  22  13  13  21  19  97  53]
 [ 38 681  11  28   5  16  11  24  52 134]
 [ 78  24 453  90 109  65  69  72  17  23]
 [ 28  36  95 381  46 196 107  44  26  41]
 [ 59  13 155  60 459  48  90  76  26  14]
 [ 26  14  80 220  57 455  58  62  15  13]
 [ 20  25  95 104  83  47 585  11  12  18]
 [ 41  30  55  64  69  74  16 594   6  51]
 [ 97  79  14  36  19  12   9  11 673  50]
 [ 45 159  13  37   9  17  16  36  49 619]]
==================================================
==================================================
=== RFC Classification Report ===
n_estimators=250
              precision    recall  f1-score   support

    airplane       0.54      0.55      0.55      1000
  automobile       0.53      0.58      0.55      1000
        bird       0.38      0.30      0.34      1000
         cat       0.34      0.26      0.30      1000
        deer       0.40      0.38      0.39      1000
         dog       0.43      0.41      0.42      1000
        frog       0.48      0.57      0.52      1000
       horse       0.51      0.48      0.49      1000
        ship       0.58      0.62      0.60      1000
       truck       0.47      0.57      0.51      1000

    accuracy                           0.47     10000
   macro avg       0.47      0.47      0.47     10000
weighted avg       0.47      0.47      0.47     10000
RFC Overall Accuracy: 0.472
==================================================
RFC Confusion Matrix: [[553  44  48  21  35  20  22  26 169  62]
 [ 25 577  13  28  17  25  38  30  58 189]
 [106  47 305  80 143  70 129  67  26  27]
 [ 54  43  68 263  69 189 146  69  24  75]
 [ 55  25 143  52 380  51 150  95  26  23]
 [ 35  27  82 154  71 409  75  82  29  36]
 [ 10  38  71  67 107  61 574  25   5  42]
 [ 47  50  40  57  89  79  39 476  25  98]
 [ 88  87  17  26  16  26   9  25 616  90]
 [ 44 161  14  32  20  20  20  39  83 567]]
==================================================
==================================================
=== SVC Classification Report ===
C=20
              precision    recall  f1-score   support

    airplane       0.60      0.64      0.62      1000
  automobile       0.62      0.67      0.64      1000
        bird       0.44      0.46      0.45      1000
         cat       0.38      0.40      0.39      1000
        deer       0.51      0.46      0.49      1000
         dog       0.48      0.46      0.47      1000
        frog       0.61      0.60      0.60      1000
       horse       0.63      0.61      0.62      1000
        ship       0.69      0.66      0.68      1000
       truck       0.58      0.59      0.58      1000

    accuracy                           0.55     10000
   macro avg       0.56      0.55      0.55     10000
weighted avg       0.56      0.55      0.55     10000
SVC Overall Accuracy: 0.5548
==================================================
SVC Confusion Matrix: [[640  33  60  23  22  15  23  25 101  58]
 [ 44 672  12  28   9   9  13  19  46 148]
 [ 74  24 459  85 106  76  74  67  18  17]
 [ 26  31 103 397  57 187  86  55  21  37]
 [ 49  10 147  66 463  57  94  73  23  18]
 [ 24  11  90 205  65 461  53  51  14  26]
 [ 16  22  83 101  94  45 599  12  10  18]
 [ 35  30  57  61  62  70  20 610   8  47]
 [112  70  19  28  16  13  11  18 661  52]
 [ 49 182  17  38   8  18   9  40  53 586]]
==================================================
==================================================
=== RFC Classification Report ===
n_estimators=300
              precision    recall  f1-score   support

    airplane       0.55      0.56      0.56      1000
  automobile       0.52      0.57      0.54      1000
        bird       0.41      0.34      0.37      1000
         cat       0.36      0.26      0.30      1000
        deer       0.42      0.38      0.40      1000
         dog       0.43      0.40      0.41      1000
        frog       0.46      0.58      0.51      1000
       horse       0.51      0.48      0.50      1000
        ship       0.58      0.62      0.60      1000
       truck       0.47      0.58      0.52      1000

    accuracy                           0.48     10000
   macro avg       0.47      0.48      0.47     10000
weighted avg       0.47      0.48      0.47     10000
RFC Overall Accuracy: 0.4778
==================================================
RFC Confusion Matrix: [[559  42  51  20  22  16  22  30 170  68]
 [ 24 566  17  33  16  24  43  33  67 177]
 [106  49 340  62 124  68 131  60  29  31]
 [ 53  46  68 262  72 194 141  58  24  82]
 [ 52  22 133  46 383  49 169  94  28  24]
 [ 31  35  80 147  69 403  86  88  27  34]
 [  8  30  73  68 105  58 580  27   4  47]
 [ 48  43  40  47  92  78  47 479  22 104]
 [ 88  89  16  20  17  36  10  21 625  78]
 [ 39 165  17  23  12  18  30  42  73 581]]
==================================================
